30 0.18544907357047033 0.19276368105255554 0.17003879763588242 0.18734186365936537 0.18801261829652996 0.05345911949685535 0.2334384858044164 0.0559748427672956 0.23249211356466878 0.07672955974842767 0.19936908517350158 0.07358490566037736 0.19400630914826497 0.11383647798742139 0.2170347003154574 0.11320754716981132 0.21608832807570977 0.13773584905660377 0.19022082018927444 0.13584905660377358
32 0.23186119873817035 0.12830188679245283 0.24353312302839117 0.12767295597484277 0.24132492113564669 0.15723270440251572 0.24384858044164037 0.1691823899371069 0.2545741324921136 0.17547169811320754 0.2634069400630915 0.16226415094339622 0.27287066246056785 0.059748427672955975 0.2829652996845426 0.06289308176100629 0.2744479495268139 0.1691823899371069 0.2690851735015773 0.18616352201257863 0.2555205047318612 0.1968553459119497 0.24132492113564669 0.19433962264150942 0.23217665615141955 0.18238993710691823 0.22933753943217666 0.16540880503144653
24 0.2996845425867508 0.06792452830188679 0.2943217665615142 0.07735849056603775 0.2908517350157729 0.08679245283018869 0.2883280757097792 0.11446540880503145 0.2861198738170347 0.1742138364779874 0.2886435331230284 0.18490566037735848 0.294006309148265 0.1930817610062893 0.30126182965299686 0.1962264150943396 0.31041009463722397 0.1962264150943396 0.31198738170347007 0.1930817610062893 0.3186119873817035 0.20440251572327045 0.3264984227129338 0.1949685534591195 0.3211356466876972 0.18364779874213835 0.32555205047318614 0.1748427672955975 0.3280757097791798 0.16729559748427675 0.33406940063091484 0.10377358490566038 0.3318611987381704 0.08113207547169811 0.3246056782334385 0.06855345911949685 0.3173501577287066 0.06477987421383648 0.30694006309148264 0.06415094339622641
4 0.3646687697160883 0.0660377358490566 0.41198738170347 0.0729559748427673 0.4091482649842271 0.09371069182389938 0.3899053627760252 0.16666666666666666 0.3858044164037855 0.19937106918238992 0.38485804416403785 0.20125786163522014 0.37634069400630915 0.20125786163522014 0.3804416403785489 0.15345911949685534 0.3886435331230284 0.11383647798742139 0.3984227129337539 0.09056603773584906 0.3646687697160883 0.08930817610062892
4 0.42965299684542585 0.2031446540880503 0.43312302839116723 0.1559748427672956 0.43880126182965296 0.12830188679245283 0.45078864353312303 0.09056603773584906 0.4189274447949527 0.08616352201257861 0.4189274447949527 0.06792452830188679 0.462776025236593 0.06855345911949685 0.4640378548895899 0.08238993710691823 0.4634069400630915 0.09622641509433963 0.45457413249211354 0.12138364779874214 0.4460567823343849 0.1559748427672956 0.4413249211356467 0.1949685534591195 0.4413249211356467 0.20754716981132076
17 0.47602523659305995 0.20566037735849058 0.46908517350157725 0.18176100628930816 0.47287066246056786 0.0981132075471698 0.4782334384858044 0.08238993710691823 0.48706624605678234 0.07232704402515723 0.4965299684542587 0.06918238993710692 0.5009463722397477 0.06918238993710692 0.5075709779179811 0.07421383647798743 0.5132492113564668 0.08427672955974844 0.5173501577287066 0.10125786163522013 0.517981072555205 0.14150943396226415 0.5063091482649842 0.20691823899371067 0.4996845425867508 0.2088050314465409 0.4889589905362776 0.2132075471698113
31 0.5936908517350158 0.22138364779874214 0.5482649842271293 0.21949685534591193 0.5526813880126182 0.07044025157232704 0.5981072555205047 0.07421383647798743 0.5981072555205047 0.08427672955974844 0.5968454258675079 0.09371069182389938 0.5618296529968454 0.089937106918239 0.5615141955835962 0.14088050314465408 0.5851735015772871 0.13962264150943396 0.5851735015772871 0.15220125786163521 0.5627760252365931 0.1547169811320755 0.5624605678233439 0.1968553459119497 0.5955835962145111 0.19937106918238992
16 0.6047318611987381 0.22012578616352202 0.614826498422713 0.22075471698113208 0.6157728706624606 0.12389937106918239 0.6400630914826498 0.2169811320754717 0.6466876971608833 0.2169811320754717 0.6523659305993691 0.06981132075471698 0.6403785488958991 0.06981132075471698 0.6410094637223974 0.16352201257861634 0.6192429022082019 0.06792452830188679 0.6056782334384858 0.06540880503144654
29 0.6662460567823344 0.20943396226415092 0.6637223974763408 0.0660377358490566 0.673186119873817 0.06540880503144654 0.6779179810725552 0.11823899371069183 0.6794952681388012 0.06855345911949685 0.6905362776025237 0.06981132075471698 0.691167192429022 0.12641509433962264 0.6974763406940063 0.06918238993710692 0.7082018927444795 0.06918238993710692 0.7000000000000001 0.22138364779874214 0.6930599369085173 0.22012578616352202 0.6848580441640378 0.15723270440251572 0.6753943217665614 0.21761006289308177 0.6690851735015773 0.21509433962264152 0.6634069400630915 0.21257861635220124
27 0.744794952681388 0.22264150943396224 0.7451104100946372 0.2031446540880503 0.759621451104101 0.20251572327044026 0.7593059936908517 0.09308176100628932 0.7482649842271293 0.09559748427672955 0.7454258675078864 0.09119496855345911 0.7454258675078864 0.08364779874213837 0.7545741324921136 0.07610062893081761 0.7570977917981072 0.0710691823899371 0.7678233438485804 0.07169811320754717 0.7681388012618297 0.1968553459119497 0.770347003154574 0.20377358490566036 0.7791798107255521 0.20377358490566036 0.7798107255520504 0.22138364779874214
18 0.8214511041009463 0.18679245283018867 0.8003154574132492 0.18616352201257863 0.7971608832807571 0.179874213836478 0.7971608832807571 0.15660377358490565 0.8186119873817035 0.07232704402515723 0.8309148264984226 0.07232704402515723 0.8309148264984226 0.16729559748427675 0.8419558359621451 0.16666666666666666 0.8422712933753943 0.18113207547169813 0.8337539432176656 0.18050314465408804 0.8331230283911673 0.21949685534591193 0.8246056782334384 0.21949685534591193 0.8217665615141956 0.21635220125786161
4 0.8504731861198739 0.08679245283018869 0.8873817034700315 0.08867924528301886 0.8782334384858044 0.14025157232704402 0.8750788643533123 0.16855345911949687 0.8731861198738171 0.20125786163522014 0.8725552050473186 0.21635220125786161 0.8832807570977917 0.2169811320754717 0.8842271293375394 0.16792452830188678 0.8914826498422713 0.12578616352201258 0.8987381703470031 0.09496855345911949 0.9003154574132491 0.07421383647798743 0.8520504731861199 0.07232704402515723
21 0.17129337539432177 0.41698113207547166 0.18233438485804415 0.41949685534591197 0.18201892744479495 0.4295597484276729 0.17760252365930598 0.4459119496855346 0.16876971608832808 0.4591194968553459 0.1589905362776025 0.46226415094339623 0.15362776025236594 0.46037735849056605 0.14353312302839116 0.45220125786163523 0.1384858044164038 0.43333333333333335 0.13722397476340695 0.4031446540880503 0.1498422712933754 0.32515723270440255 0.15993690851735018 0.31383647798742137 0.17097791798107256 0.30754716981132074 0.18233438485804415 0.30754716981132074 0.1892744479495268 0.3150943396226415 0.1917981072555205 0.32955974842767294 0.19085173501577288 0.34025157232704406 0.17823343848580442 0.33962264150943394 0.17886435331230285 0.32767295597484275 0.17129337539432177 0.32578616352201256 0.1640378548895899 0.33081761006289306 0.15709779179810723 0.35471698113207545 0.14921135646687697 0.420125786163522 0.1501577287066246 0.43836477987421385 0.15646687697160883 0.44088050314465405 0.16561514195583596 0.43647798742138366 0.17097791798107256 0.4238993710691824
16 0.19022082018927444 0.4559748427672956 0.20220820189274447 0.4566037735849056 0.21451104100946372 0.3748427672955975 0.22870662460567823 0.45974842767295593 0.23753943217665613 0.45974842767295593 0.25425867507886435 0.3125786163522013 0.24321766561514194 0.310062893081761 0.2309148264984227 0.3955974842767295 0.21861198738170345 0.310062893081761 0.20977917981072555 0.30880503144654087
21 0.289589905362776 0.4276729559748428 0.3031545741324921 0.4314465408805031 0.29242902208201893 0.45723270440251573 0.27665615141955835 0.46603773584905656 0.26529968454258673 0.46226415094339623 0.25678233438485804 0.4509433962264151 0.2526813880126183 0.4283018867924528 0.25299684542586753 0.3968553459119497 0.2665615141955836 0.32452830188679244 0.27949526813880127 0.3132075471698113 0.29242902208201893 0.3119496855345912 0.30630914826498423 0.32515723270440255 0.3088328075709779 0.34276729559748426 0.30220820189274444 0.35094339622641507 0.2987381703470032 0.35094339622641507 0.2952681388012618 0.3377358490566038 0.2870662460567823 0.3320754716981132 0.2769716088328076 0.33710691823899375 0.2665615141955836 0.3981132075471698 0.26561514195583596 0.4320754716981132 0.267192429022082 0.44088050314465405 0.2772870662460568 0.4446540880503145 0.2861198738170347 0.43773584905660373 0.2870662460567823 0.43270440251572323
34 0.3416403785488959 0.309433962264151 0.39211356466876973 0.3125786163522013 0.3917981072555205 0.3408805031446541 0.3719242902208202 0.3761006289308176 0.38201892744479493 0.3893081761006289 0.38485804416403785 0.4088050314465409 0.3832807570977918 0.43522012578616354 0.3753943217665615 0.45849056603773586 0.36309148264984226 0.47044025157232705 0.3523659305993691 0.46792452830188686 0.34290220820189277 0.46037735849056605 0.33817034700315457 0.449685534591195 0.3362776025236593 0.4339622641509434 0.3444794952681388 0.4314465408805031 0.3529968454258675 0.4459119496855346 0.3634069400630915 0.4490566037735849 0.36845425867507886 0.43522012578616354 0.37066246056782337 0.41446540880503147 0.3687697160883281 0.4012578616352201 0.35331230283911674 0.39937106918238996 0.3555205047318612 0.37672955974842764 0.37066246056782337 0.34276729559748426 0.34006309148264985 0.3383647798742138
34 0.39936908517350156 0.3377358490566038 0.3996845425867508 0.31383647798742137 0.44574132492113566 0.3188679245283019 0.44637223974763407 0.33710691823899375 0.4305993690851735 0.3779874213836478 0.4416403785488959 0.4025157232704403 0.4416403785488959 0.41949685534591197 0.4400630914826498 0.4452830188679245 0.43249211356466877 0.46289308176100624 0.42586750788643535 0.4761006289308176 0.41041009463722394 0.4779874213836478 0.40031545741324925 0.46855345911949686 0.39463722397476336 0.4477987421383648 0.39337539432176655 0.4345911949685534 0.40063091482649843 0.4345911949685534 0.40662460567823344 0.45220125786163523 0.41514195583596214 0.4547169811320754 0.42208201892744485 0.4540880503144654 0.4274447949526814 0.43647798742138366 0.42839116719242903 0.41509433962264153 0.4264984227129337 0.4037735849056604 0.4154574132492113 0.4031446540880503 0.41324921135646686 0.3905660377358491 0.42996845425867514 0.34025157232704406
25 0.4558359621451104 0.4729559748427673 0.4523659305993691 0.4490566037735849 0.4526813880126183 0.38113207547169814 0.4577287066246057 0.3383647798742138 0.46466876971608834 0.3232704402515723 0.47886435331230287 0.31761006289308175 0.4958990536277602 0.3289308176100629 0.5009463722397477 0.3377358490566038 0.504416403785489 0.3566037735849057 0.504416403785489 0.4 0.5022082018927444 0.44654088050314467 0.4993690851735016 0.469811320754717 0.4892744479495268 0.48553459119496856 0.47413249211356473 0.48993710691823905 0.46151419558359624 0.4817610062893081
20 0.5523659305993691 0.3188679245283019 0.5523659305993691 0.34150943396226413 0.5634069400630914 0.3408805031446541 0.5615141955835962 0.4559748427672956 0.5608832807570978 0.46289308176100624 0.5482649842271293 0.4610062893081761 0.5479495268138801 0.4805031446540881 0.583596214511041 0.48553459119496856 0.5848580441640379 0.46729559748427674 0.5728706624605678 0.46226415094339623 0.5763406940063092 0.34402515723270444 0.5845425867507886 0.3433962264150944 0.5854889589905362 0.3238993710691824
20 0.610410094637224 0.3264150943396226 0.610410094637224 0.3490566037735849 0.6217665615141955 0.3490566037735849 0.6198738170347003 0.46855345911949686 0.6085173501577287 0.469811320754717 0.6075709779179811 0.48742138364779874 0.6457413249211356 0.4918238993710692 0.6457413249211356 0.47358490566037736 0.6309148264984227 0.4716981132075472 0.6350157728706625 0.3522012578616352 0.649211356466877 0.35031446540880506 0.6485804416403785 0.3352201257861635
15 0.6652996845425868 0.3352201257861635 0.6662460567823344 0.35471698113207545 0.6804416403785488 0.3572327044025157 0.6807570977917982 0.49937106918239 0.6930599369085173 0.49937106918239 0.6933753943217666 0.36163522012578614 0.7129337539432177 0.359748427672956 0.7129337539432177 0.3433962264150944
14 0.7694006309148265 0.3490566037735849 0.7621451104100946 0.349685534591195 0.7539432176656151 0.3553459119496855 0.7523659305993691 0.36792452830188677 0.7517350157728707 0.3924528301886792 0.753627760252366 0.4044025157232704 0.7564668769716089 0.41069182389937103 0.7485804416403786 0.4276729559748428 0.7473186119873817 0.4459119496855346 0.7466876971608832 0.47924528301886793 0.753627760252366 0.5018867924528302 0.7684542586750789 0.5088050314465409 0.7823343848580442 0.5088050314465409 0.7905362776025237 0.5006289308176101 0.7952681388012618 0.47358490566037736 0.795583596214511 0.4427672955974843 0.7911671924290221 0.4264150943396226 0.78801261829653 0.4176100628930818 0.7911671924290221 0.39622641509433965 0.7902208201892744 0.3710691823899371 0.785173501577287 0.3566037735849057 0.7757097791798108 0.3490566037735849
8 0.8539432176656151 0.3628930817610063 0.8082018927444795 0.35597484276729563 0.8069400630914827 0.44088050314465405 0.8138801261829653 0.4490566037735849 0.8249211356466877 0.44025157232704404 0.8340694006309147 0.44150943396226416 0.8410094637223976 0.4547169811320754 0.8435331230283911 0.47924528301886793 0.841640378548896 0.4943396226415094 0.8353312302839118 0.4987421383647799 0.8249211356466877 0.4962264150943397 0.8195583596214512 0.4830188679245283 0.8176656151419558 0.4767295597484277 0.8078864353312304 0.4754716981132075 0.8104100946372239 0.5031446540880503 0.8157728706624606 0.5119496855345912 0.8233438485804416 0.5213836477987421 0.8350157728706624 0.5226415094339623 0.8425867507886436 0.5188679245283019 0.8498422712933753 0.5106918238993711 0.8548895899053628 0.4943396226415094 0.8564668769716088 0.46855345911949686 0.852365930599369 0.4446540880503145 0.8429022082018927 0.4238993710691824 0.8337539432176656 0.42138364779874216 0.8227129337539433 0.41886792452830185 0.8157728706624606 0.41886792452830185 0.8186119873817035 0.37735849056603776 0.8539432176656151 0.38805031446540883
19 0.8747634069400632 0.5188679245283019 0.8839116719242902 0.5220125786163522 0.9148264984227129 0.44088050314465405 0.9160883280757097 0.4088050314465409 0.9072555205047319 0.38742138364779877 0.8927444794952681 0.3748427672955975 0.8779179810725553 0.3716981132075472 0.8675078864353313 0.3830188679245283 0.8640378548895898 0.40188679245283015 0.8637223974763407 0.41823899371069184 0.8652996845425868 0.4371069182389937 0.8700315457413249 0.4452830188679245 0.8826498422712934 0.4547169811320754 0.8914826498422713 0.4591194968553459 0.8763406940063092 0.5125786163522013
18 0.919558359621451 0.8955974842767296 0.917981072555205 0.8465408805031446 0.886435331230284 0.8427672955974843 0.8889589905362777 0.8037735849056603 0.9132492113564669 0.6949685534591195 0.9283911671924291 0.6949685534591195 0.9312302839116718 0.8176100628930818 0.9460567823343848 0.8220125786163521 0.9463722397476341 0.8490566037735849 0.9324921135646689 0.8484276729559749 0.9321766561514195 0.8962264150943396
4 0.8570977917981072 0.8836477987421384 0.8630914826498424 0.7899371069182389 0.8741324921135647 0.730188679245283 0.8791798107255521 0.7050314465408805 0.8791798107255521 0.6924528301886792 0.8179810725552051 0.6823899371069182 0.8198738170347002 0.7113207547169811 0.8637223974763407 0.7150943396226416 0.8589905362776026 0.7276729559748428 0.8520504731861199 0.7616352201257861 0.8482649842271293 0.80062893081761 0.843217665615142 0.8880503144654087
34 0.7618296529968455 0.8251572327044024 0.7728706624605678 0.8257861635220126 0.7779179810725552 0.8421383647798742 0.7829652996845425 0.8490566037735849 0.7876971608832807 0.850314465408805 0.7927444794952682 0.8452830188679246 0.7984227129337539 0.8245283018867924 0.7999999999999999 0.8018867924528302 0.7981072555205048 0.7880503144654087 0.7892744479495267 0.7704402515723271 0.7801261829652997 0.7672955974842768 0.7810725552050473 0.7459119496855345 0.8006309148264985 0.7056603773584906 0.7586750788643533 0.7069182389937108 0.7574132492113564 0.6710691823899372 0.8141955835962146 0.6779874213836478 0.8129337539432177 0.708805031446541 0.7971608832807571 0.7452830188679245 0.805993690851735 0.7647798742138364 0.8097791798107256 0.7823899371069183 0.8113564668769716 0.820125786163522 0.8097791798107256 0.840251572327044 0.804416403785489 0.8603773584905661 0.7917981072555205 0.8735849056603774 0.7807570977917981 0.8729559748427673 0.767192429022082 0.8641509433962264 0.761198738170347 0.8427672955974843
12 0.6728706624605678 0.6610062893081761 0.6858044164037855 0.6622641509433962 0.6845425867507886 0.8176100628930818 0.6873817034700316 0.8314465408805031 0.6949526813880127 0.8383647798742139 0.7031545741324922 0.8371069182389936 0.7085173501577287 0.8238993710691824 0.7126182965299684 0.670440251572327 0.7258675078864353 0.6710691823899372 0.7205047318611988 0.8415094339622642 0.7069400630914826 0.8610062893081761 0.6899053627760252 0.8616352201257862 0.6763406940063091 0.8415094339622642 0.670031545741325 0.8062893081761006
6 0.6069400630914826 0.6591194968553459 0.6063091482649842 0.8515723270440252 0.6586750788643534 0.8566037735849056 0.6593059936908517 0.8320754716981132 0.6176656151419558 0.8251572327044024 0.6205047318611987 0.660377358490566
28 0.5403785488958991 0.8509433962264151 0.5435331230283912 0.6515723270440251 0.5577287066246057 0.6515723270440251 0.556782334384858 0.708805031446541 0.561198738170347 0.7176100628930817 0.5842271293375394 0.6477987421383647 0.5977917981072555 0.6509433962264151 0.5681388012618296 0.7528301886792453 0.5962145110410094 0.8534591194968553 0.5810725552050473 0.8496855345911949 0.5618296529968454 0.7811320754716982 0.5545741324921136 0.7987421383647799 0.5533123028391167 0.850314465408805
18 0.4517350157728706 0.7823899371069183 0.42523659305993694 0.7754716981132075 0.4242902208201893 0.7415094339622642 0.4523659305993691 0.6459119496855346 0.46908517350157725 0.6415094339622641 0.46813880126182966 0.7540880503144655 0.4810725552050473 0.7540880503144655 0.47981072555205045 0.7861635220125787 0.4675078864353312 0.7830188679245284 0.467192429022082 0.8270440251572327 0.4529968454258675 0.829559748427673 0.4517350157728706 0.7937106918238994
33 0.4186119873817034 0.6459119496855346 0.4031545741324921 0.6421383647798742 0.36246056782334385 0.7490566037735849 0.3627760252365931 0.7861635220125787 0.3668769716088328 0.8062893081761006 0.38264984227129334 0.8232704402515724 0.39747634069400634 0.8207547169811321 0.4097791798107256 0.8050314465408805 0.41388012618296527 0.7823899371069183 0.4135646687697161 0.7528301886792453 0.405993690851735 0.7314465408805031 0.39936908517350156 0.7245283018867925 0.39053627760252363 0.720125786163522
14 0.32870662460567823 0.6345911949685535 0.31577287066246057 0.6371069182389937 0.3082018927444795 0.6572327044025157 0.30694006309148264 0.6748427672955974 0.305993690851735 0.6962264150943397 0.31293375394321765 0.7163522012578617 0.30441640378548895 0.7238993710691823 0.2981072555205047 0.7509433962264151 0.2996845425867508 0.7918238993710692 0.3034700315457413 0.8069182389937107 0.31230283911671924 0.8182389937106918 0.3217665615141956 0.8245283018867924 0.33785488958990534 0.8207547169811321 0.34921135646687695 0.7943396226415094 0.35078864353312306 0.749685534591195 0.34069400630914826 0.7132075471698114 0.3488958990536277 0.6974842767295598 0.34921135646687695 0.670440251572327 0.34542586750788645 0.6515723270440251 0.3397476340694006 0.6389937106918239
3 0.07949526813880126 0.8427672955974843 0.09211356466876972 0.6503144654088051 0.1078864353312303 0.6503144654088051 0.1113564668769716 0.750314465408805 0.13028391167192427 0.6496855345911949 0.1444794952681388 0.6509433962264151 0.13249211356466878 0.8415094339622642 0.11924290220820188 0.840880503144654 0.12239747634069399 0.7628930817610062 0.1056782334384858 0.8339622641509433 0.10094637223974763 0.759119496855346 0.09369085173501578 0.8515723270440252
21 0.1892744479495268 0.6893081761006289 0.20126182965299683 0.6874213836477987 0.20220820189274447 0.6754716981132076 0.19369085173501577 0.6534591194968554 0.17917981072555203 0.6459119496855346 0.1659305993690852 0.6496855345911949 0.15615141955835962 0.6660377358490567 0.1498422712933754 0.7031446540880503 0.14574132492113565 0.7987421383647799 0.1498422712933754 0.8257861635220126 0.1608832807570978 0.8345911949685534 0.17854889589905362 0.8358490566037736 0.19305993690851736 0.8144654088050315 0.19779179810725553 0.7905660377358491 0.19242902208201892 0.7830188679245284 0.1839116719242902 0.780503144654088 0.17381703470031545 0.8037735849056603 0.16309148264984227 0.8031446540880504 0.15962145110410095 0.7886792452830189 0.16277602523659307 0.7037735849056604 0.16908517350157728 0.6817610062893082 0.17854889589905362 0.6779874213836478 0.18706624605678232 0.6811320754716981
3 0.21451104100946372 0.6452830188679245 0.2025236593059937 0.8283018867924528 0.21829652996845428 0.829559748427673 0.22334384858044162 0.7610062893081762 0.23154574132492114 0.8157232704402515 0.24511041009463724 0.7597484276729559 0.24511041009463724 0.8276729559748427 0.25678233438485804 0.8283018867924528 0.2684542586750788 0.6427672955974842 0.25299684542586753 0.6408805031446542 0.2337539432176656 0.7276729559748428 0.23312302839116722 0.6490566037735849
